 1 2 6
 1 3 2
 1 5 2
 1 6 3
 1 7 3
 1 9 4
 1 11 4
 1 12 5
 1 13 4
 1 15 4
 1 16 4
 1 17 3
 2 1 6
 2 5 4
 2 6 3
 2 7 4
 2 8 4
 2 9 4
 2 11 2
 2 12 4
 2 13 4
 2 15 4
 2 16 3
 2 17 3
 3 1 3
 3 2 4
 3 4 6
 3 5 6
 3 6 5
 3 7 6
 3 8 6
 3 9 5
 3 10 5
 3 11 5
 3 12 5
 3 13 5
 3 14 5
 3 15 5
 3 16 6
 3 17 4
 3 18 2
 3 51 2
 3 52 4
 3 55 6
 3 60 2
 3 68 3
 3 75 2
 4 1 4
 4 2 4
 4 3 5
 4 5 6
 4 6 5
 4 7 6
 4 8 5
 4 9 4
 4 10 4
 4 11 4
 4 12 6
 4 13 6
 4 14 4
 4 15 4
 4 16 5
 4 17 4
 4 18 6
 4 21 4
 4 48 5
 4 53 5
 4 55 5
 4 58 5
 4 60 5
 5 1 4
 5 2 4
 5 3 6
 5 4 6
 5 6 5
 5 7 6
 5 8 6
 5 9 5
 5 10 4
 5 11 4
 5 12 5
 5 13 6
 5 14 4
 5 15 5
 5 16 6
 5 17 5
 5 18 4
 5 21 4
 5 23 1
 5 48 3
 5 49 3
 5 50 2
 5 53 3
 5 55 5
 5 56 1
 5 57 2
 5 58 3
 5 59 2
 5 60 4
 5 68 1
 6 1 4
 6 2 4
 6 3 5
 6 4 6
 6 5 5
 6 7 6
 6 8 5
 6 9 6
 6 10 3
 6 11 4
 6 12 6
 6 13 6
 6 14 5
 6 15 6
 6 16 4
 6 17 5
 6 18 6
 6 21 4
 6 23 4
 6 38 4
 6 40 3
 6 55 5
 6 56 5
 6 58 5
 6 59 4
 6 60 6
 6 62 3
 6 65 3
 6 67 3
 6 68 4
 6 69 4
 6 71 3
 6 75 4
 7 1 3
 7 2 3
 7 3 5
 7 4 6
 7 5 5
 7 6 5
 7 8 5
 7 9 2
 7 10 3
 7 11 5
 7 12 5
 7 13 6
 7 14 5
 7 15 6
 7 16 4
 7 17 5
 7 18 5
 7 21 4
 7 23 5
 7 45 5
 7 55 5
 7 60 5
 7 68 5
 7 75 4
 8 2 4
 8 3 6
 8 4 3
 8 5 5
 8 6 4
 8 7 5
 8 9 3
 8 10 3
 8 11 4
 8 13 6
 8 14 4
 8 15 4
 8 16 5
 8 27 3
 8 55 5
 8 68 3
 9 1 5
 9 2 5
 9 3 6
 9 4 5
 9 5 5
 9 6 4
 9 7 5
 9 8 4
 9 10 5
 9 11 5
 9 12 5
 9 13 5
 9 14 5
 9 15 4
 9 16 5
 9 17 4
 9 18 4
 9 23 3
 9 27 5
 9 28 4
 9 34 5
 9 35 5
 9 40 4
 9 44 5
 9 55 4
 9 68 4
 9 71 5
 9 74 4
 10 1 1
 10 2 1
 10 3 5
 10 4 5
 10 5 5
 10 6 4
 10 7 5
 10 8 4
 10 9 5
 10 11 3
 10 12 4
 10 13 4
 10 14 3
 10 15 3
 10 16 4
 10 17 1
 10 18 2
 10 23 3
 10 44 1
 10 45 2
 10 55 4
 10 56 2
 10 58 1
 10 65 4
 10 68 5
 10 75 5
 10 77 5
 11 1 4
 11 2 4
 11 3 5
 11 4 4
 11 5 5
 11 6 4
 11 7 4
 11 8 4
 11 9 5
 11 10 4
 11 12 5
 11 13 6
 11 14 6
 11 15 5
 11 16 5
 11 17 5
 11 18 5
 11 20 3
 11 23 5
 11 27 2
 11 29 3
 11 36 3
 11 38 5
 11 40 5
 11 41 4
 11 52 2
 11 55 3
 11 59 2
 11 60 3
 11 61 5
 11 65 3
 11 66 3
 11 68 5
 11 75 5
 12 68 5
 12 71 5
 13 1 4
 13 2 4
 13 3 6
 13 4 6
 13 5 6
 13 6 6
 13 7 6
 13 8 6
 13 9 5
 13 10 4
 13 11 5
 13 12 6
 13 14 4
 13 15 6
 13 16 6
 13 17 5
 13 18 6
 13 20 3
 13 21 4
 13 22 3
 13 23 6
 13 26 2
 13 27 3
 13 28 2
 13 29 5
 13 30 2
 13 35 5
 13 38 3
 13 40 6
 13 41 3
 13 45 4
 13 46 4
 13 47 5
 13 48 3
 13 50 4
 13 52 4
 13 54 4
 13 55 6
 13 56 6
 13 58 5
 13 59 5
 13 60 6
 13 62 3
 13 65 2
 13 68 6
 13 69 5
 13 71 3
 13 75 4
 13 77 3
 14 1 4
 14 2 4
 14 3 5
 14 4 5
 14 5 5
 14 6 5
 14 7 5
 14 8 4
 14 9 5
 14 10 4
 14 11 6
 14 12 5
 14 13 6
 14 15 5
 14 16 5
 14 17 4
 14 18 5
 14 20 5
 14 23 4
 14 29 4
 14 38 5
 14 40 6
 14 41 4
 14 52 3
 14 55 5
 14 56 3
 14 59 3
 14 60 4
 14 61 4
 14 68 5
 14 75 5
 14 77 4
 15 1 5
 15 2 6
 15 3 5
 15 4 6
 15 5 6
 15 6 6
 15 7 6
 15 8 5
 15 9 4
 15 10 4
 15 11 5
 15 12 5
 15 13 6
 15 14 5
 15 16 6
 15 17 6
 15 18 5
 15 19 1
 15 20 3
 15 21 5
 15 22 4
 15 23 5
 15 24 3
 15 25 3
 15 26 3
 15 27 4
 15 28 2
 15 29 5
 15 30 2
 15 31 2
 15 32 2
 15 33 2
 15 34 2
 15 35 2
 15 36 2
 15 37 2
 15 38 2
 15 39 2
 15 40 4
 15 41 2
 15 42 2
 15 43 2
 15 44 3
 15 45 2
 15 46 3
 15 47 4
 15 48 4
 15 49 2
 15 50 2
 15 51 2
 15 52 5
 15 53 2
 15 54 4
 15 55 5
 15 56 5
 15 57 2
 15 58 5
 15 59 5
 15 60 5
 15 61 2
 15 62 3
 15 63 2
 15 64 2
 15 65 2
 15 66 2
 15 67 2
 15 68 4
 15 69 4
 15 70 2
 15 71 4
 15 72 2
 15 73 2
 15 74 2
 15 75 4
 15 76 2
 15 77 2
 16 1 4
 16 2 4
 16 3 6
 16 4 6
 16 5 6
 16 6 4
 16 7 4
 16 8 5
 16 9 5
 16 10 3
 16 11 4
 16 12 6
 16 13 5
 16 14 5
 16 15 5
 16 17 5
 16 18 5
 16 55 5
 16 57 5
 16 58 5
 16 60 5
 16 71 5
 17 4 5
 17 6 4
 17 7 4
 17 9 6
 17 12 6
 17 13 4
 17 15 6
 17 16 6
 17 45 3
 17 47 3
 17 48 4
 17 51 4
 17 52 3
 17 54 3
 17 55 3
 17 56 3
 17 58 3
 17 71 4
 18 4 6
 18 5 6
 18 6 4
 18 7 5
 18 9 4
 18 11 6
 18 12 4
 18 13 6
 18 14 6
 18 15 6
 18 19 6
 18 20 6
 18 21 6
 18 22 6
 18 23 6
 18 24 6
 18 25 6
 18 26 6
 18 27 6
 18 28 6
 18 29 6
 18 30 6
 18 31 6
 18 32 6
 18 33 6
 18 34 6
 18 35 6
 18 36 6
 18 37 6
 18 38 6
 18 39 6
 18 40 6
 18 41 6
 18 42 6
 18 43 6
 18 44 6
 18 47 4
 18 48 4
 18 49 3
 18 50 4
 18 54 5
 18 55 6
 18 56 6
 18 57 4
 18 58 5
 18 59 5
 18 60 6
 18 61 4
 18 68 6
 18 75 5
 19 9 2
 19 13 5
 19 15 2
 19 18 5
 19 20 4
 19 21 4
 19 22 5
 19 23 4
 19 24 6
 19 25 5
 19 26 6
 19 27 4
 19 28 5
 19 29 4
 19 30 3
 19 31 4
 19 32 4
 19 33 4
 19 34 3
 19 35 4
 19 36 5
 19 37 2
 19 38 3
 19 39 3
 19 40 4
 19 41 3
 19 42 4
 19 43 5
 19 44 4
 19 54 3
 19 65 3
 19 68 5
 19 70 3
 19 72 3
 20 9 3
 20 11 4
 20 12 4
 20 13 4
 20 14 5
 20 15 4
 20 17 4
 20 18 6
 20 19 5
 20 21 5
 20 22 5
 20 23 6
 20 24 5
 20 25 4
 20 26 5
 20 27 4
 20 28 5
 20 29 5
 20 30 4
 20 31 4
 20 32 6
 20 33 4
 20 34 4
 20 35 5
 20 36 4
 20 37 6
 20 38 6
 20 39 4
 20 40 6
 20 41 6
 20 42 4
 20 43 4
 20 44 4
 20 52 4
 20 54 4
 20 61 2
 20 68 4
 20 70 4
 20 71 4
 21 4 5
 21 5 5
 21 6 4
 21 7 5
 21 12 3
 21 13 5
 21 15 5
 21 18 6
 21 19 4
 21 20 4
 21 22 5
 21 23 6
 21 24 4
 21 25 4
 21 26 4
 21 27 4
 21 28 4
 21 29 5
 21 30 4
 21 31 4
 21 32 5
 21 33 4
 21 34 4
 21 35 4
 21 36 5
 21 37 5
 21 38 4
 21 39 4
 21 40 6
 21 41 5
 21 42 4
 21 43 5
 21 44 4
 21 47 4
 21 50 4
 21 54 4
 21 55 4
 21 58 4
 21 59 2
 21 60 4
 21 68 4
 22 10 4
 22 11 4
 22 13 6
 22 15 5
 22 18 6
 22 19 6
 22 20 6
 22 21 6
 22 23 6
 22 24 6
 22 25 6
 22 26 6
 22 27 6
 22 28 6
 22 29 6
 22 30 6
 22 31 6
 22 32 6
 22 33 6
 22 34 6
 22 35 6
 22 36 6
 22 37 6
 22 38 6
 22 39 6
 22 40 6
 22 41 6
 22 42 6
 22 43 6
 22 44 6
 22 54 5
 22 55 5
 22 56 5
 22 68 5
 22 70 4
 23 5 5
 23 6 5
 23 7 5
 23 8 4
 23 9 5
 23 10 4
 23 11 6
 23 12 5
 23 13 6
 23 14 6
 23 15 5
 23 18 6
 23 19 6
 23 20 6
 23 21 6
 23 22 6
 23 24 6
 23 25 6
 23 26 6
 23 27 6
 23 28 6
 23 29 6
 23 30 6
 23 31 6
 23 32 6
 23 33 6
 23 34 6
 23 35 6
 23 36 6
 23 37 6
 23 38 6
 23 39 6
 23 40 6
 23 41 6
 23 42 6
 23 43 6
 23 44 6
 23 47 1
 23 50 1
 23 54 4
 23 55 5
 23 56 5
 23 58 5
 23 60 3
 23 61 5
 23 68 6
 23 69 6
 23 70 6
 23 71 4
 23 75 5
 23 77 5
 24 18 4
 24 19 6
 24 20 5
 24 21 5
 24 22 6
 24 23 4
 24 25 6
 24 26 6
 24 27 5
 24 28 6
 24 29 6
 24 30 6
 24 31 6
 24 32 6
 24 33 6
 24 34 6
 24 35 6
 24 36 6
 24 37 5
 24 38 6
 24 39 6
 24 40 5
 24 41 5
 24 42 6
 24 43 6
 24 44 6
 25 12 3
 25 13 6
 25 15 5
 25 18 6
 25 19 6
 25 20 6
 25 21 6
 25 22 6
 25 23 6
 25 24 6
 25 26 6
 25 27 6
 25 28 6
 25 29 6
 25 30 5
 25 31 6
 25 32 6
 25 33 6
 25 34 5
 25 35 6
 25 36 6
 25 37 6
 25 38 6
 25 39 6
 25 40 6
 25 41 6
 25 42 6
 25 43 6
 25 44 6
 25 47 5
 25 54 5
 25 55 4
 25 62 4
 25 63 6
 25 68 6
 25 69 3
 25 70 6
 25 77 3
 26 13 4
 26 18 5
 26 19 5
 26 20 4
 26 21 4
 26 22 4
 26 23 4
 26 24 4
 26 25 5
 26 27 5
 26 28 4
 26 29 6
 26 30 5
 26 31 4
 26 32 4
 26 33 4
 26 34 5
 26 35 6
 26 36 5
 26 37 4
 26 38 4
 26 39 4
 26 40 5
 26 41 4
 26 42 6
 26 43 6
 26 44 6
 26 47 4
 26 54 5
 26 68 4
 26 70 4
 27 8 5
 27 9 5
 27 11 3
 27 13 5
 27 15 5
 27 18 6
 27 19 6
 27 20 5
 27 21 5
 27 22 6
 27 23 6
 27 24 5
 27 25 5
 27 26 6
 27 28 6
 27 29 6
 27 30 6
 27 31 5
 27 32 5
 27 33 6
 27 34 6
 27 35 6
 27 36 6
 27 37 4
 27 38 6
 27 39 6
 27 40 6
 27 41 6
 27 42 6
 27 43 6
 27 44 6
 27 47 3
 27 54 3
 27 56 2
 27 60 2
 27 61 5
 27 62 3
 27 63 5
 27 64 3
 27 65 6
 27 68 6
 27 69 3
 27 70 3
 27 73 4
 27 77 2
 28 18 1
 28 19 1
 28 20 1
 28 21 1
 28 22 1
 28 23 1
 28 24 1
 28 25 1
 28 26 1
 28 27 1
 28 29 1
 28 30 1
 28 31 1
 28 32 1
 28 33 1
 28 34 1
 28 35 1
 28 36 1
 28 37 1
 28 38 1
 28 39 1
 28 40 1
 28 41 1
 28 42 1
 28 43 1
 28 44 1
 28 45 6
 28 46 6
 28 47 6
 28 48 6
 28 49 6
 28 50 6
 28 51 6
 28 52 6
 28 53 6
 28 54 1
 28 55 6
 28 56 2
 28 57 6
 28 58 6
 28 59 6
 28 60 6
 28 61 6
 28 62 6
 28 63 6
 28 64 6
 28 65 1
 28 66 6
 28 67 6
 28 68 1
 28 69 6
 28 70 2
 28 71 6
 28 72 6
 28 73 6
 28 74 6
 28 75 6
 28 76 6
 28 77 6
 29 9 5
 29 11 6
 29 12 2
 29 13 6
 29 15 5
 29 18 6
 29 19 6
 29 20 6
 29 21 6
 29 22 6
 29 23 6
 29 24 6
 29 25 6
 29 26 6
 29 27 6
 29 28 6
 29 30 6
 29 31 6
 29 32 6
 29 33 6
 29 34 6
 29 35 6
 29 36 6
 29 37 6
 29 38 6
 29 39 6
 29 40 6
 29 41 6
 29 42 6
 29 43 6
 29 44 6
 29 47 5
 29 54 6
 29 56 5
 29 60 4
 29 61 6
 29 62 4
 29 63 4
 29 64 3
 29 65 5
 29 66 5
 29 68 6
 29 69 6
 29 70 6
 29 71 3
 29 74 4
 29 75 3
 29 77 5
 30 7 4
 30 9 4
 30 10 3
 30 11 2
 30 13 5
 30 15 4
 30 18 6
 30 19 4
 30 20 4
 30 21 4
 30 22 5
 30 23 6
 30 24 4
 30 25 5
 30 26 4
 30 27 6
 30 28 5
 30 29 6
 30 31 5
 30 32 5
 30 33 4
 30 34 5
 30 35 6
 30 36 5
 30 37 4
 30 38 5
 30 39 5
 30 40 5
 30 41 5
 30 42 5
 30 43 6
 30 44 6
 30 47 3
 30 54 5
 30 56 3
 30 61 6
 30 62 4
 30 63 3
 30 64 3
 30 65 4
 30 68 6
 30 69 5
 30 70 5
 30 73 4
 30 75 3
 30 77 5
 31 15 2
 31 18 5
 31 19 5
 31 20 5
 31 21 5
 31 22 5
 31 23 5
 31 24 5
 31 25 5
 31 26 5
 31 27 5
 31 28 5
 31 29 5
 31 30 5
 31 32 5
 31 33 5
 31 34 5
 31 35 5
 31 36 6
 31 37 5
 31 38 5
 31 39 5
 31 40 5
 31 41 6
 31 42 4
 31 43 5
 31 44 5
 31 61 4
 31 62 4
 31 68 5
 31 70 5
 31 72 5
 31 75 4
 32 13 5
 32 15 2
 32 18 5
 32 19 6
 32 20 5
 32 21 3
 32 22 5
 32 23 4
 32 24 5
 32 25 6
 32 26 4
 32 27 6
 32 28 6
 32 29 6
 32 30 4
 32 31 5
 32 33 5
 32 34 5
 32 35 4
 32 36 5
 32 37 5
 32 38 4
 32 39 5
 32 40 5
 32 41 5
 32 42 5
 32 43 5
 32 44 5
 32 54 5
 32 68 5
 32 70 5
 32 77 5
 33 13 3
 33 15 2
 33 18 5
 33 19 6
 33 20 4
 33 21 5
 33 22 5
 33 23 4
 33 24 6
 33 25 5
 33 26 5
 33 27 5
 33 28 6
 33 29 5
 33 30 4
 33 31 6
 33 32 5
 33 34 6
 33 35 5
 33 36 5
 33 37 4
 33 38 5
 33 39 6
 33 40 5
 33 41 4
 33 42 5
 33 43 5
 33 44 5
 33 47 2
 33 54 4
 33 68 4
 33 70 5
 34 9 3
 34 13 2
 34 15 2
 34 18 6
 34 19 5
 34 20 2
 34 21 3
 34 22 4
 34 23 4
 34 24 6
 34 25 4
 34 26 6
 34 27 6
 34 28 6
 34 29 5
 34 30 4
 34 31 3
 34 32 4
 34 33 5
 34 35 6
 34 36 4
 34 37 2
 34 38 3
 34 39 3
 34 40 3
 34 41 2
 34 42 2
 34 43 6
 34 44 6
 34 54 2
 34 61 2
 34 63 4
 34 68 5
 35 6 5
 35 9 5
 35 12 4
 35 13 6
 35 15 5
 35 17 2
 35 18 6
 35 19 6
 35 20 6
 35 21 6
 35 22 6
 35 23 6
 35 24 6
 35 25 6
 35 26 6
 35 27 6
 35 28 6
 35 29 6
 35 30 6
 35 31 6
 35 32 6
 35 33 6
 35 34 6
 35 36 6
 35 37 5
 35 38 6
 35 39 6
 35 40 5
 35 41 5
 35 42 6
 35 43 6
 35 44 6
 35 47 5
 35 50 4
 35 54 6
 35 56 3
 35 61 2
 35 63 1
 35 64 1
 35 65 2
 35 68 6
 35 69 4
 35 70 4
 35 71 2
 36 15 3
 36 18 6
 36 19 5
 36 20 5
 36 21 4
 36 22 5
 36 23 6
 36 24 5
 36 25 6
 36 26 5
 36 27 6
 36 28 6
 36 29 6
 36 30 6
 36 31 6
 36 32 5
 36 33 5
 36 34 6
 36 35 6
 36 37 4
 36 38 6
 36 39 6
 36 40 6
 36 41 6
 36 42 5
 36 43 6
 36 44 6
 36 61 3
 36 62 3
 37 13 3
 37 14 1
 37 15 1
 37 18 6
 37 19 5
 37 20 6
 37 21 5
 37 22 5
 37 23 6
 37 24 5
 37 25 4
 37 26 4
 37 27 4
 37 28 4
 37 29 5
 37 30 4
 37 31 4
 37 32 6
 37 33 4
 37 34 4
 37 35 5
 37 36 5
 37 38 6
 37 39 4
 37 40 5
 37 41 5
 37 42 4
 37 43 5
 37 44 4
 37 54 3
 37 68 3
 38 6 4
 38 11 5
 38 13 5
 38 14 6
 38 15 3
 38 18 6
 38 19 5
 38 20 6
 38 21 5
 38 22 5
 38 23 6
 38 24 5
 38 25 5
 38 26 5
 38 27 5
 38 28 5
 38 29 5
 38 30 6
 38 31 5
 38 32 6
 38 33 5
 38 34 5
 38 35 5
 38 36 5
 38 37 6
 38 39 5
 38 40 6
 38 41 6
 38 42 5
 38 43 5
 38 44 5
 38 54 4
 38 61 4
 38 62 4
 38 68 5
 38 70 4
 39 18 4
 39 19 5
 39 20 4
 39 21 4
 39 22 6
 39 23 4
 39 24 4
 39 25 4
 39 26 5
 39 27 5
 39 28 6
 39 29 4
 39 30 4
 39 31 5
 39 32 5
 39 33 5
 39 34 5
 39 35 5
 39 36 4
 39 37 3
 39 38 5
 39 40 4
 39 41 4
 39 42 4
 39 43 5
 39 44 5
 39 54 2
 39 68 2
 39 70 3
 40 6 4
 40 11 5
 40 13 5
 40 14 6
 40 15 4
 40 18 6
 40 19 5
 40 20 6
 40 21 6
 40 22 5
 40 23 6
 40 24 4
 40 25 4
 40 26 4
 40 27 5
 40 28 4
 40 29 5
 40 30 4
 40 31 4
 40 32 5
 40 33 4
 40 34 4
 40 35 4
 40 36 5
 40 37 4
 40 38 6
 40 39 4
 40 41 5
 40 42 4
 40 43 5
 40 44 4
 40 54 3
 40 61 2
 40 68 4
 40 75 2
 41 11 6
 41 15 5
 41 18 6
 41 19 6
 41 20 6
 41 21 6
 41 22 6
 41 23 6
 41 24 6
 41 25 6
 41 26 6
 41 27 6
 41 28 6
 41 29 6
 41 30 6
 41 31 6
 41 32 6
 41 33 6
 41 34 6
 41 35 6
 41 36 6
 41 37 6
 41 38 6
 41 39 6
 41 40 6
 41 42 6
 41 43 6
 41 44 6
 41 54 5
 41 61 6
 41 62 6
 41 64 5
 41 68 6
 41 69 4
 41 70 5
 41 71 4
 41 72 5
 41 75 4
 41 77 5
 42 18 6
 42 19 6
 42 20 6
 42 21 6
 42 22 6
 42 23 6
 42 24 6
 42 25 6
 42 26 6
 42 27 6
 42 28 6
 42 29 6
 42 30 6
 42 31 6
 42 32 6
 42 33 6
 42 34 6
 42 35 6
 42 36 6
 42 37 6
 42 38 6
 42 39 6
 42 40 6
 42 41 6
 42 43 6
 42 44 6
 42 47 5
 42 54 6
 43 11 4
 43 13 4
 43 18 6
 43 19 6
 43 20 6
 43 21 6
 43 22 6
 43 23 6
 43 24 6
 43 25 6
 43 26 6
 43 27 6
 43 28 6
 43 29 6
 43 30 6
 43 31 6
 43 32 6
 43 33 6
 43 34 6
 43 35 6
 43 36 6
 43 37 6
 43 38 6
 43 39 6
 43 40 6
 43 41 6
 43 42 6
 43 44 6
 43 47 3
 43 54 4
 43 61 6
 43 64 4
 43 65 4
 43 68 6
 43 71 4
 43 73 3
 44 9 4
 44 13 3
 44 15 2
 44 18 6
 44 19 6
 44 20 6
 44 21 6
 44 22 6
 44 23 6
 44 24 6
 44 25 6
 44 26 6
 44 27 6
 44 28 6
 44 29 6
 44 30 6
 44 31 6
 44 32 6
 44 33 6
 44 34 6
 44 35 6
 44 36 6
 44 37 6
 44 38 6
 44 39 6
 44 40 6
 44 41 6
 44 42 6
 44 43 6
 44 47 2
 44 51 2
 44 54 2
 44 61 2
 44 62 2
 44 65 3
 44 67 2
 44 68 3
 44 77 2
 45 4 4
 45 7 5
 45 13 5
 45 27 1
 45 46 6
 45 47 6
 45 48 5
 45 49 5
 45 50 6
 45 51 6
 45 52 6
 45 53 5
 45 54 5
 45 55 6
 45 56 6
 45 57 6
 45 58 5
 45 59 6
 45 60 6
 45 68 4
 46 45 5
 46 47 4
 46 48 5
 46 50 5
 46 52 4
 46 53 5
 46 55 5
 46 56 5
 46 57 4
 46 58 4
 46 59 5
 46 60 5
 47 12 1
 47 13 5
 47 15 4
 47 17 2
 47 21 5
 47 23 3
 47 26 5
 47 28 3
 47 29 5
 47 30 4
 47 35 5
 47 42 5
 47 44 4
 47 45 5
 47 46 4
 47 48 5
 47 49 2
 47 50 6
 47 51 5
 47 52 3
 47 53 3
 47 54 6
 47 55 6
 47 56 5
 47 57 4
 47 58 4
 47 59 3
 47 60 5
 47 68 5
 48 4 4
 48 45 2
 48 46 2
 48 47 4
 48 49 5
 48 50 3
 48 51 5
 48 52 4
 48 53 6
 48 54 6
 48 55 5
 48 56 4
 48 57 6
 48 58 5
 48 60 5
 48 68 5
 48 71 4
 49 1 1
 49 2 1
 49 3 1
 49 4 5
 49 5 5
 49 6 1
 49 7 1
 49 8 1
 49 9 1
 49 10 1
 49 11 1
 49 12 1
 49 13 6
 49 14 1
 49 15 4
 49 16 4
 49 17 1
 49 18 5
 49 19 1
 49 20 1
 49 21 4
 49 22 1
 49 23 1
 49 24 1
 49 25 1
 49 26 1
 49 27 5
 49 28 1
 49 29 1
 49 30 1
 49 31 1
 49 32 1
 49 33 1
 49 34 1
 49 35 1
 49 36 1
 49 37 1
 49 38 1
 49 39 1
 49 40 1
 49 41 1
 49 42 1
 49 43 1
 49 44 1
 49 45 6
 49 46 5
 49 47 6
 49 48 6
 49 50 6
 49 51 6
 49 52 6
 49 53 6
 49 54 6
 49 55 6
 49 56 6
 49 57 6
 49 58 6
 49 59 6
 49 60 6
 49 61 1
 49 62 1
 49 63 1
 49 64 1
 49 65 1
 49 66 1
 49 67 1
 49 68 6
 49 69 1
 49 70 1
 49 71 1
 49 72 1
 49 73 1
 49 74 1
 49 75 1
 49 76 1
 49 77 1
 50 12 4
 50 13 5
 50 18 3
 50 21 6
 50 29 4
 50 35 5
 50 41 4
 50 45 6
 50 46 6
 50 47 6
 50 48 2
 50 49 5
 50 52 5
 50 53 5
 50 54 5
 50 55 6
 50 56 5
 50 57 6
 50 58 4
 50 59 6
 50 60 6
 51 13 3
 51 45 5
 51 46 3
 51 47 4
 51 48 5
 51 49 6
 51 50 3
 51 52 6
 51 53 5
 51 54 6
 51 55 5
 51 56 5
 51 57 5
 51 58 6
 51 59 3
 51 60 4
 51 68 3
 52 6 2
 52 7 2
 52 9 2
 52 11 3
 52 12 4
 52 13 6
 52 15 4
 52 20 2
 52 45 5
 52 47 5
 52 48 6
 52 49 6
 52 50 4
 52 51 6
 52 53 6
 52 54 6
 52 55 6
 52 56 6
 52 57 6
 52 58 6
 52 59 6
 52 60 5
 52 71 2
 52 75 3
 53 13 1
 53 15 1
 53 17 1
 53 45 2
 53 46 4
 53 47 2
 53 48 6
 53 49 6
 53 50 2
 53 51 5
 53 52 4
 53 54 6
 53 55 2
 53 56 4
 53 57 6
 53 58 4
 53 59 2
 53 60 5
 53 68 2
 53 71 2
 54 13 3
 54 15 2
 54 18 3
 54 19 3
 54 20 3
 54 21 6
 54 22 3
 54 23 3
 54 24 3
 54 25 3
 54 26 6
 54 27 3
 54 28 3
 54 29 5
 54 30 3
 54 31 3
 54 32 3
 54 33 3
 54 34 3
 54 35 6
 54 36 3
 54 37 3
 54 38 3
 54 39 3
 54 40 3
 54 41 3
 54 42 6
 54 43 3
 54 44 3
 54 45 4
 54 47 6
 54 48 6
 54 49 6
 54 50 4
 54 51 6
 54 52 6
 54 53 6
 54 55 6
 54 56 6
 54 57 4
 54 58 6
 54 60 5
 54 64 3
 54 67 3
 54 68 4
 54 71 3
 55 1 1
 55 2 1
 55 3 3
 55 4 6
 55 5 6
 55 6 6
 55 7 6
 55 8 6
 55 9 5
 55 10 5
 55 11 5
 55 12 5
 55 13 6
 55 14 3
 55 15 6
 55 16 6
 55 17 3
 55 18 5
 55 21 5
 55 23 5
 55 45 6
 55 46 6
 55 47 6
 55 48 5
 55 49 5
 55 50 6
 55 51 5
 55 52 5
 55 53 5
 55 54 5
 55 56 6
 55 57 5
 55 58 5
 55 59 6
 55 60 6
 55 68 5
 55 69 5
 55 75 4
 56 13 6
 56 15 6
 56 17 4
 56 18 5
 56 23 6
 56 29 5
 56 45 6
 56 46 6
 56 47 6
 56 48 6
 56 49 6
 56 50 6
 56 51 6
 56 52 6
 56 53 6
 56 54 6
 56 55 6
 56 57 6
 56 58 6
 56 59 6
 56 60 6
 56 68 6
 56 69 5
 56 75 5
 56 77 3
 57 4 4
 57 45 6
 57 46 5
 57 47 5
 57 48 6
 57 49 6
 57 50 6
 57 51 5
 57 52 5
 57 53 6
 57 54 6
 57 55 6
 57 56 6
 57 58 6
 57 59 3
 57 60 6
 57 62 4
 57 65 4
 57 68 4
 57 71 4
 58 4 4
 58 5 3
 58 13 3
 58 16 3
 58 18 2
 58 21 2
 58 23 3
 58 45 3
 58 46 2
 58 47 2
 58 48 6
 58 49 6
 58 50 4
 58 51 6
 58 52 6
 58 53 6
 58 54 6
 58 55 6
 58 56 6
 58 57 6
 58 59 3
 58 60 6
 58 68 2
 59 5 4
 59 6 4
 59 13 4
 59 15 4
 59 18 4
 59 45 5
 59 46 5
 59 48 4
 59 50 5
 59 52 5
 59 55 6
 59 56 6
 59 57 4
 59 58 3
 59 60 4
 60 3 4
 60 4 6
 60 5 6
 60 6 3
 60 13 6
 60 15 3
 60 16 5
 60 18 6
 60 21 5
 60 23 5
 60 45 6
 60 46 6
 60 47 5
 60 48 6
 60 49 6
 60 50 4
 60 51 5
 60 52 6
 60 53 6
 60 54 4
 60 55 6
 60 56 6
 60 57 6
 60 58 6
 60 59 4
 60 68 5
 61 9 3
 61 11 4
 61 23 5
 61 27 5
 61 29 5
 61 30 5
 61 31 5
 61 34 3
 61 36 3
 61 40 3
 61 41 4
 61 43 5
 61 44 2
 61 62 5
 61 63 3
 61 64 4
 61 65 4
 61 66 5
 61 67 4
 61 68 5
 61 69 5
 61 70 5
 61 71 4
 61 72 4
 61 73 4
 61 74 3
 61 75 4
 61 76 3
 61 77 5
 62 6 4
 62 13 4
 62 31 5
 62 41 5
 62 44 5
 62 48 4
 62 61 3
 62 63 4
 62 64 5
 62 65 5
 62 66 4
 62 67 5
 62 68 6
 62 69 4
 62 70 3
 62 71 4
 62 72 5
 62 73 3
 62 74 4
 62 75 4
 62 76 3
 62 77 5
 63 12 2
 63 13 5
 63 27 4
 63 29 3
 63 34 4
 63 61 5
 63 62 5
 63 64 5
 63 65 5
 63 66 4
 63 67 5
 63 68 6
 63 69 6
 63 70 4
 63 71 6
 63 72 5
 63 73 5
 63 74 6
 63 75 6
 63 76 6
 63 77 5
 64 41 5
 64 54 3
 64 61 4
 64 62 6
 64 63 6
 64 65 6
 64 66 4
 64 67 6
 64 68 5
 64 69 5
 64 71 5
 64 72 5
 64 73 4
 64 74 5
 64 75 4
 64 76 6
 64 77 6
 65 61 2
 65 62 4
 65 63 5
 65 64 5
 65 66 2
 65 67 5
 65 68 4
 65 69 3
 65 70 4
 65 71 4
 65 72 4
 65 73 4
 65 74 5
 65 75 4
 65 76 4
 65 77 5
 66 11 3
 66 13 2
 66 29 2
 66 61 6
 66 62 5
 66 63 5
 66 64 5
 66 65 4
 66 67 6
 66 68 5
 66 69 6
 66 70 5
 66 71 4
 66 72 3
 66 73 5
 66 74 3
 66 75 5
 66 76 4
 66 77 5
 67 6 3
 67 13 3
 67 61 4
 67 62 5
 67 63 4
 67 64 5
 67 65 5
 67 66 5
 67 68 4
 67 69 4
 67 70 4
 67 71 5
 67 72 6
 67 73 4
 67 74 4
 67 75 4
 67 76 4
 67 77 5
 68 1 1
 68 2 1
 68 3 1
 68 4 1
 68 5 1
 68 6 4
 68 7 1
 68 8 4
 68 9 4
 68 10 5
 68 11 4
 68 12 4
 68 13 6
 68 14 4
 68 15 5
 68 16 1
 68 17 4
 68 18 5
 68 19 5
 68 20 1
 68 21 3
 68 22 1
 68 23 5
 68 24 1
 68 25 1
 68 26 1
 68 27 6
 68 28 6
 68 29 6
 68 30 6
 68 31 6
 68 32 6
 68 33 5
 68 34 6
 68 35 5
 68 36 1
 68 37 1
 68 38 1
 68 39 4
 68 40 4
 68 41 6
 68 42 1
 68 43 5
 68 44 6
 68 45 1
 68 46 1
 68 47 5
 68 48 6
 68 49 1
 68 50 1
 68 51 5
 68 52 1
 68 53 4
 68 54 6
 68 55 5
 68 56 6
 68 57 5
 68 58 5
 68 59 4
 68 60 5
 68 61 6
 68 62 6
 68 63 6
 68 64 6
 68 65 6
 68 66 6
 68 67 6
 68 69 6
 68 70 6
 68 71 6
 68 72 6
 68 73 6
 68 74 6
 68 75 6
 68 76 6
 68 77 6
 69 12 4
 69 13 6
 69 15 5
 69 23 4
 69 29 5
 69 30 4
 69 41 4
 69 56 5
 69 61 6
 69 62 6
 69 63 6
 69 64 6
 69 65 6
 69 66 6
 69 67 6
 69 68 6
 69 70 4
 69 71 6
 69 72 5
 69 73 6
 69 74 6
 69 75 6
 69 76 6
 69 77 6
 70 25 5
 70 26 5
 70 28 5
 70 29 5
 70 30 5
 70 31 5
 70 61 4
 70 62 4
 70 63 1
 70 64 1
 70 65 3
 70 66 4
 70 67 3
 70 68 4
 70 69 4
 70 71 3
 70 72 3
 70 73 2
 70 75 4
 70 77 5
 71 9 4
 71 12 5
 71 13 4
 71 15 4
 71 16 4
 71 17 4
 71 20 4
 71 29 3
 71 30 3
 71 41 3
 71 48 4
 71 51 3
 71 52 3
 71 54 4
 71 57 4
 71 61 2
 71 62 6
 71 63 5
 71 64 5
 71 65 6
 71 66 3
 71 67 4
 71 68 4
 71 69 4
 71 72 4
 71 73 6
 71 74 6
 71 75 3
 71 76 5
 71 77 5
 72 31 5
 72 41 5
 72 61 3
 72 62 5
 72 63 5
 72 64 5
 72 65 5
 72 66 4
 72 67 5
 72 68 5
 72 69 5
 72 70 4
 72 71 5
 72 73 4
 72 74 4
 72 75 5
 72 76 4
 72 77 5
 73 61 6
 73 62 5
 73 63 6
 73 64 5
 73 65 5
 73 66 5
 73 67 5
 73 68 6
 73 69 6
 73 71 6
 73 72 5
 73 74 6
 73 75 6
 73 76 6
 73 77 6
 74 61 3
 74 62 4
 74 63 6
 74 64 5
 74 65 5
 74 66 2
 74 67 4
 74 68 4
 74 69 4
 74 70 1
 74 71 5
 74 72 4
 74 73 6
 74 75 4
 74 76 6
 74 77 4
 75 3 2
 75 6 5
 75 7 1
 75 8 1
 75 9 3
 75 10 5
 75 11 5
 75 13 6
 75 14 5
 75 15 5
 75 18 4
 75 23 4
 75 27 2
 75 29 3
 75 30 4
 75 32 2
 75 34 1
 75 40 2
 75 41 4
 75 48 2
 75 52 5
 75 55 4
 75 56 5
 75 59 5
 75 60 4
 75 61 6
 75 62 6
 75 63 5
 75 64 6
 75 65 6
 75 66 6
 75 67 6
 75 68 6
 75 69 6
 75 70 6
 75 71 5
 75 72 6
 75 73 6
 75 74 5
 75 76 5
 75 77 6
 76 61 1
 76 62 4
 76 63 5
 76 64 3
 76 65 3
 76 66 1
 76 67 2
 76 68 4
 76 69 4
 76 70 1
 76 71 3
 76 72 3
 76 73 5
 76 74 5
 76 75 1
 76 77 1
 77 10 4
 77 23 4
 77 41 4
 77 44 3
 77 48 4
 77 62 5
 77 63 4
 77 64 4
 77 65 4
 77 66 4
 77 67 5
 77 68 5
 77 69 4
 77 70 3
 77 71 5
 77 72 4
 77 73 3
 77 74 5
 77 75 5
 77 76 3
